>HHCACGCGCBTN	FHY3(FAR1)/Arabidopsis-FHY3-ChIP-Seq(GSE30711)/Homer	6.927643	-16.809883	0	T:41.0(6.89%),B:79.4(2.30%),P:1e-7
0.213	0.279	0.177	0.330
0.298	0.314	0.092	0.296
0.106	0.622	0.142	0.130
0.973	0.001	0.007	0.019
0.001	0.979	0.001	0.019
0.003	0.001	0.870	0.126
0.001	0.924	0.001	0.074
0.075	0.008	0.799	0.118
0.089	0.761	0.001	0.149
0.096	0.351	0.215	0.339
0.236	0.189	0.183	0.392
0.220	0.296	0.206	0.279
