>CACGTG	1-CACGTG	3.768695	-64.901661	0	T:131.0(55.51%),B:698.3(20.86%),P:1e-28	Tpos:120.1,Tstd:65.2,Bpos:101.8,Bstd:77.6,StrandBias:10.0,Multiplicity:1.53
0.001	0.737	0.117	0.145
0.903	0.001	0.095	0.001
0.001	0.997	0.001	0.001
0.001	0.001	0.927	0.071
0.001	0.081	0.001	0.917
0.092	0.001	0.906	0.001
>GGGYCC	2-GGGYCC	3.914412	-43.898487	0	T:130.0(55.08%),B:870.2(26.00%),P:1e-19	Tpos:127.0,Tstd:71.4,Bpos:100.8,Bstd:78.5,StrandBias:10.0,Multiplicity:1.43
0.079	0.041	0.636	0.244
0.031	0.001	0.878	0.090
0.220	0.078	0.511	0.191
0.134	0.487	0.001	0.378
0.022	0.932	0.045	0.001
0.249	0.572	0.043	0.136
>ATGWCA	3-ATGWCA	5.092604	-40.571018	0	T:130.0(55.08%),B:905.6(27.05%),P:1e-17	Tpos:123.4,Tstd:73.7,Bpos:103.6,Bstd:76.6,StrandBias:10.0,Multiplicity:1.50
0.625	0.373	0.001	0.001
0.001	0.260	0.170	0.569
0.001	0.001	0.997	0.001
0.507	0.001	0.120	0.372
0.041	0.907	0.001	0.051
0.894	0.001	0.041	0.064
>AGAGAG	4-AGAGAG	3.998011	-19.020939	0	T:70.0(29.66%),B:480.0(14.34%),P:1e-8	Tpos:119.7,Tstd:79.1,Bpos:101.8,Bstd:62.6,StrandBias:10.0,Multiplicity:1.28
0.997	0.001	0.001	0.001
0.001	0.001	0.997	0.001
0.896	0.001	0.001	0.102
0.001	0.001	0.997	0.001
0.722	0.145	0.132	0.001
0.001	0.001	0.997	0.001
>CTCTCT	5-CTCTCT	5.447836	-15.589049	0	T:104.0(44.07%),B:928.7(27.74%),P:1e-6	Tpos:159.0,Tstd:66.4,Bpos:100.2,Bstd:75.2,StrandBias:10.0,Multiplicity:1.72
0.001	0.997	0.001	0.001
0.089	0.001	0.001	0.909
0.001	0.820	0.178	0.001
0.001	0.001	0.001	0.997
0.001	0.784	0.001	0.214
0.001	0.001	0.001	0.997
